644 632 179
665 651 197
680 670 215
688 687 233
690 701 251
692 716 271
692 729 289
686 740 308
677 750 327
666 759 345
656 766 363
643 772 381
629 776 399
613 779 417
596 781 435
578 783 453
561 784 471
542 785 489
525 786 507
507 786 526
491 785 543
475 782 561
463 778 579
453 775 597
445 770 617
439 766 635
434 761 653
429 757 671
424 753 689
419 748 709
415 743 727
410 738 745
406 732 763
400 724 783
395 716 801
390 707 819
386 700 837
383 693 857
380 686 875
377 679 893
375 673 911
373 667 931
371 662 951
370 657 971
369 652 991
368 647 1009
367 640 1029
367 634 1049
367 628 1067
367 623 1085
367 617 1104
367 611 1126
367 606 1145
367 601 1163
368 595 1181
370 589 1201
371 580 1219
373 574 1237
376 566 1255
377 558 1273
380 549 1291
383 541 1309
386 532 1327
389 522 1345
393 512 1363
396 502 1381
399 493 1399
402 483 1417
405 474 1435
409 465 1453
413 453 1473
416 444 1491
421 434 1511
425 426 1529
430 417 1547
434 408 1565
439 399 1583
443 389 1601
446 378 1619
450 366 1638
453 352 1655
453 336 1673
454 319 1691
454 301 1709
449 281 1727
442 264 1745
433 246 1763
421 230 1781
407 215 1799
389 205 1817
366 200 1835
343 200 1853
322 202 1871
299 214 1889
279 234 1907
264 260 1925
254 294 1943
253 342 1961
270 395 1979
300 451 1997
339 495 2015
390 522 2033
459 536 2051
646 533 2095
702 510 2113
744 479 2131
765 455 2149
763 449 2166
720 444 2183
527 462 2219
412 490 2237
315 536 2255
274 592 2273
303 654 2291
393 703 2310
514 731 2327
641 744 2345
747 749 2363
818 741 2381
844 720 2399
835 689 2417
793 655 2435
732 622 2453
661 596 2471
526 582 2503
468 606 2521
442 652 2539
450 715 2558
496 776 2575
576 822 2593
667 850 2611
754 867 2629
823 874 2647
857 869 2665
858 838 2683
819 782 2701
751 712 2719
664 653 2737
530 617 2763
449 623 2781
396 645 2799
385 678 2817
440 696 2835
548 674 2853
649 619 2871
719 534 2889
752 442 2907
762 370 2925
761 331 2943
745 320 2961
717 316 2979
676 326 2997
614 357 3015
530 434 3037
472 538 3055
438 652 3072
428 766 3089
445 846 3107
464 859 3125
486 813 3143
497 724 3161
480 607 3179
436 496 3197
407 420 3215
406 400 3233
421 403 3251
442 430 3269
470 480 3287
492 533 3305
507 570 3323
521 592 3342
